  
                      
                  10 7 23
                10 7 23
                  5            1                                                                
   
                   
                   
                  
                     
                  

                       
                       
 
	                    
	     1  
 

                                
 
	        1           
		                                                                       
		                                                                       
	 
	                                                                         
	           6 
		                                        

	                              
	                                                1       2 
	                           

	                                    
	                    1                  1 
		                            

	                                  
	                    2                     0666       1 
		                            

	                               
	                  3                     0666       1 
		                            

	                             
	                    4                     0666       1 
		                            

	                              3              
	                   5                       0666       1 
		                            


	                      
	                                                                
	                               1    0  
		                                                                                              
		           122           97           90           65   
			           
			                  
		 
		               57           48  
			           
			                  
		 
		                                                  
			                         
		 
		     
			           
			                  
		 
		  
		                                      
		                                  1 
			                       
		                                1 
			                       
		                                  1 
			                       
		  
	 

	                                  
	           0 
		                      

	                                               
	             0            
	           0            
	             0            

	                                                                        
	                                1     0   
		     1                  1   
		     2                    1  
		                                                                                      
		                                           
		                
			                               
				                           1      1 
					                                 
			 
			                48            57  
				                           1      1 
					                                 
			 
			     
				                           2      1 
					                                
			 
		 
		      
			                                 1 
				                                          
		 
	 

	         0       1 0       2 0 
		                      

	                      
	             
	             
	           
	             

 
